world: fd192b17-1cd2-4bb6-8d94-cf584cc3f2ec
world-name: world
x: 22.46263866113727
y: 57.0
z: 12.129701801143279
yaw: 59.388031005859375
pitch: 21.750003814697266
name: base
lastowner: 2976f123-be02-3a4c-9d79-e9deff20a447
