world: fd192b17-1cd2-4bb6-8d94-cf584cc3f2ec
world-name: world
x: -79.3185306502032
y: 62.0
z: 35.403234530734146
yaw: -123.4613037109375
pitch: 10.949780464172363
name: c1
lastowner: 2976f123-be02-3a4c-9d79-e9deff20a447
